ca_l1 =  2.1919 +/- 0.026151 L(0 - 5) 
ca_r1 =  2.2427 +/- 0.036253 L(0 - 5) 
cn_l1 =  1.7581 +/- 0.039567 L(0 - 20) 
cn_r1 =  2.6221 +/- 0.091247 L(0 - 20) 
fb =  0.0000 C L(-INF - +INF) 
l1 = -2.80665 +/- 0.062945 L(-30 - -1) 
mean1 =  5280.2 +/- 0.011005 L(5200 - 5300) 
sigma1 =  8.1654 +/- 0.039987 L(0 - 20) 
zeta =  0.0000010000 C L(-INF - +INF) 
fitedm =  0.00033236 C L(-INF - +INF) 
