ca_l1 =  2.0575 +/- 0.032861 L(0 - 5) 
ca_r1 =  2.2396 +/- 0.051864 L(0 - 5) 
cn_l1 =  2.0965 +/- 0.073914 L(0 - 20) 
cn_r1 =  2.4890 +/- 0.13969 L(0 - 20) 
fb =  0.0000 C L(-INF - +INF) 
l1 = -2.79724 +/- 0.072302 L(-30 - -1) 
mean1 =  5280.2 +/- 0.011125 L(5200 - 5300) 
sigma1 =  8.1795 +/- 0.047894 L(0 - 20) 
zeta =  0.0000 C L(-INF - +INF) 
fitedm =  0.00032733 C L(-INF - +INF) 
