ca_l1 =  2.2148 +/- 0.020995 L(0 - 5) 
ca_r1 =  2.2253 +/- 0.036543 L(0 - 5) 
cn_l1 =  1.7172 +/- 0.032842 L(0 - 20) 
cn_r1 =  2.7909 +/- 0.096467 L(0 - 20) 
fb =  0.0000 C L(-INF - +INF) 
l1 = -2.65847 +/- 0.049769 L(-30 - -1) 
mean1 =  5280.2 +/- 0.010880 L(5200 - 5300) 
sigma1 =  8.2311 +/- 0.035957 L(0 - 20) 
zeta =  0.0000010000 C L(-INF - +INF) 
fitedm =  0.00016493 C L(-INF - +INF) 
