ca_l1 =  2.0567 +/- 0.032956 L(0 - 5) 
ca_r1 =  2.2420 +/- 0.052253 L(0 - 5) 
cn_l1 =  2.0987 +/- 0.074138 L(0 - 20) 
cn_r1 =  2.4837 +/- 0.14022 L(0 - 20) 
fb =  0.0000 C L(-INF - +INF) 
l1 = -2.79671 +/- 0.072431 L(-30 - -1) 
mean1 =  5280.2 +/- 0.011126 L(5200 - 5300) 
sigma1 =  8.1798 +/- 0.048025 L(0 - 20) 
zeta =  0.0000 C L(-INF - +INF) 
fitedm =  0.00015536 C L(-INF - +INF) 
