ca_l1 =  2.0109 +/- 0.030769 L(0 - 5) 
ca_r1 =  2.2646 +/- 0.048005 L(0 - 5) 
cn_l1 =  2.2131 +/- 0.074020 L(0 - 20) 
cn_r1 =  2.3748 +/- 0.12847 L(0 - 20) 
fb =  0.0000 C L(-INF - +INF) 
l1 = -2.86645 +/- 0.074088 L(-30 - -1) 
mean1 =  5280.2 +/- 0.011178 L(5200 - 5300) 
sigma1 =  8.1533 +/- 0.045761 L(0 - 20) 
zeta =  0.0000 C L(-INF - +INF) 
fitedm =  0.00021047 C L(-INF - +INF) 
