ca_l1 =  2.0046 +/- 0.037065 L(0 - 5) 
ca_r1 =  2.1363 +/- 0.055269 L(0 - 5) 
cn_l1 =  2.2221 +/- 0.084142 L(0 - 20) 
cn_r1 =  2.9202 +/- 0.16039 L(0 - 20) 
fb =  0.0000 C L(-INF - +INF) 
l1 = -2.77060 +/- 0.083128 L(-30 - -1) 
mean1 =  5280.2 +/- 0.011191 L(5200 - 5300) 
sigma1 =  8.1759 +/- 0.057889 L(0 - 20) 
zeta =  0.0000 C L(-INF - +INF) 
fitedm =  0.000049574 C L(-INF - +INF) 
