ca_l1 =  1.7921 +/- 0.033231 L(0 - 5) 
ca_r1 =  1.9923 +/- 0.037786 L(0 - 5) 
cn_l1 =  2.7017 +/- 0.10580 L(0 - 20) 
cn_r1 =  4.7611 +/- 0.25505 L(0 - 20) 
fb =  0.0000 C L(-INF - +INF) 
l1 = -2.56929 +/- 0.062404 L(-30 - -1) 
mean1 =  5280.3 +/- 0.013843 L(5200 - 5300) 
sigma1 =  9.8166 +/- 0.063482 L(0 - 20) 
zeta =  0.0000010000 C L(-INF - +INF) 
fitedm =  0.00072025 C L(-INF - +INF) 
