ca_l1 =  1.7704 +/- 0.042197 L(0 - 5) 
ca_r1 =  1.9965 +/- 0.12202 L(0 - 5) 
cn_l1 =  2.6145 +/- 0.12155 L(0 - 20) 
cn_r1 =  4.8199 +/- 0.46874 L(0 - 20) 
fb =  0.0000 C L(-INF - +INF) 
l1 = -2.39811 +/- 0.080124 L(-30 - -1) 
mean1 =  5280.3 +/- 0.014098 L(5200 - 5300) 
sigma1 =  10.056 +/- 0.10598 L(0 - 20) 
zeta =  0.0000 C L(-INF - +INF) 
fitedm =  0.00059541 C L(-INF - +INF) 
