ca_l1 =  1.7678 +/- 0.027684 L(0 - 5) 
ca_r1 =  2.4212 +/- 0.081517 L(0 - 5) 
cn_l1 =  2.9484 +/- 0.098163 L(0 - 20) 
cn_r1 =  3.3810 +/- 0.31966 L(0 - 20) 
fb =  0.0000 C L(-INF - +INF) 
l1 = -2.41606 +/- 0.043729 L(-30 - -1) 
mean1 =  5280.3 +/- 0.013587 L(5200 - 5300) 
sigma1 =  10.044 +/- 0.051605 L(0 - 20) 
zeta =  0.0000010000 C L(-INF - +INF) 
fitedm =  0.00035104 C L(-INF - +INF) 
