ca_l1 =  1.7080 +/- 0.12713 L(0 - 5) 
ca_r1 =  2.2711 +/- 0.046097 L(0 - 5) 
cn_l1 =  2.8726 +/- 0.38646 L(0 - 20) 
cn_r1 =  3.5173 +/- 0.27513 L(0 - 20) 
fb =  0.0000 C L(-INF - +INF) 
l1 = -2.37248 +/- 0.096154 L(-30 - -1) 
mean1 =  5280.3 +/- 0.021815 L(5200 - 5300) 
sigma1 =  10.151 +/- 0.14435 L(0 - 20) 
zeta =  0.0000010000 C L(-INF - +INF) 
fitedm =  0.0035947 C L(-INF - +INF) 
