ca_l1 =  1.7803 +/- 0.022558 L(0 - 5) 
ca_r1 =  2.0671 +/- 0.066463 L(0 - 5) 
cn_l1 =  2.5913 +/- 0.075273 L(0 - 20) 
cn_r1 =  4.5885 +/- 0.33203 L(0 - 20) 
fb =  0.0000 C L(-INF - +INF) 
l1 = -2.36940 +/- 0.047779 L(-30 - -1) 
mean1 =  5280.3 +/- 0.013604 L(5200 - 5300) 
sigma1 =  10.097 +/- 0.060633 L(0 - 20) 
zeta =  0.0000010000 C L(-INF - +INF) 
fitedm =  0.00033226 C L(-INF - +INF) 
