ca_l1 =  1.7418 +/- 0.16184 L(0 - 5) 
ca_r1 =  1.9529 +/- 0.043366 L(0 - 5) 
cn_l1 =  2.6050 +/- 0.46527 L(0 - 20) 
cn_r1 =  4.5928 +/- 0.40629 L(0 - 20) 
fb =  0.0000 C L(-INF - +INF) 
l1 = -2.49332 +/- 0.18654 L(-30 - -1) 
mean1 =  5280.3 +/- 0.026633 L(5200 - 5300) 
sigma1 =  9.9597 +/- 0.23734 L(0 - 20) 
zeta =  0.0000010000 C L(-INF - +INF) 
fitedm =  0.0029132 C L(-INF - +INF) 
